<?xml version="1.0"?>
<opencv_storage>
<Resolution><width>1500</width>
  <height>1500</height></Resolution>
<ControlPoints><_><x>4.7062502861022949e+02</x>
    <y>6.8812500000000000e+02</y>
    <z>0.</z>
    <ref>0</ref>
    <isSharp>0</isSharp>
    <splineRefs>
      0 1</splineRefs>
    <attribute_dir1><inwardDirection>1</inwardDirection>
      <extent>5.6250000000000000e+01</extent>
      <height>30.</height>
      <shapePointAtrs><_><x>4.0000000596046448e-01</x>
          <y>0.</y></_>
        <_><x>1.5000000596046448e-01</x>
          <y>1.</y></_></shapePointAtrs></attribute_dir1>
    <attribute_dir2><inwardDirection>0</inwardDirection>
      <extent>5.6250000000000000e+01</extent>
      <height>30.</height>
      <shapePointAtrs><_><x>4.0000000596046448e-01</x>
          <y>0.</y></_>
        <_><x>1.5000000596046448e-01</x>
          <y>1.</y></_></shapePointAtrs></attribute_dir2></_>
  <_><x>5.3625000000000000e+02</x>
    <y>6.3750000000000000e+02</y>
    <z>0.</z>
    <ref>1</ref>
    <isSharp>0</isSharp>
    <splineRefs>
      0</splineRefs>
    <attribute_dir1><inwardDirection>1</inwardDirection>
      <extent>5.6250000000000000e+01</extent>
      <height>30.</height>
      <shapePointAtrs><_><x>4.0000000596046448e-01</x>
          <y>0.</y></_>
        <_><x>1.5000000596046448e-01</x>
          <y>1.</y></_></shapePointAtrs></attribute_dir1>
    <attribute_dir2><inwardDirection>0</inwardDirection>
      <extent>5.6250000000000000e+01</extent>
      <height>30.</height>
      <shapePointAtrs><_><x>4.0000000596046448e-01</x>
          <y>0.</y></_>
        <_><x>1.5000000596046448e-01</x>
          <y>1.</y></_></shapePointAtrs></attribute_dir2></_>
  <_><x>5.9250000000000000e+02</x>
    <y>5.8125000000000000e+02</y>
    <z>0.</z>
    <ref>2</ref>
    <isSharp>0</isSharp>
    <splineRefs>
      0</splineRefs>
    <attribute_dir1><inwardDirection>1</inwardDirection>
      <extent>5.6250000000000000e+01</extent>
      <height>30.</height>
      <shapePointAtrs><_><x>4.0000000596046448e-01</x>
          <y>0.</y></_>
        <_><x>1.5000000596046448e-01</x>
          <y>1.</y></_></shapePointAtrs></attribute_dir1>
    <attribute_dir2><inwardDirection>0</inwardDirection>
      <extent>5.6250000000000000e+01</extent>
      <height>30.</height>
      <shapePointAtrs><_><x>4.0000000596046448e-01</x>
          <y>0.</y></_>
        <_><x>1.5000000596046448e-01</x>
          <y>1.</y></_></shapePointAtrs></attribute_dir2></_>
  <_><x>7.4625005722045898e+02</x>
    <y>5.4187500000000000e+02</y>
    <z>0.</z>
    <ref>3</ref>
    <isSharp>0</isSharp>
    <splineRefs>
      0</splineRefs>
    <attribute_dir1><inwardDirection>1</inwardDirection>
      <extent>5.6250000000000000e+01</extent>
      <height>30.</height>
      <shapePointAtrs><_><x>4.0000000596046448e-01</x>
          <y>0.</y></_>
        <_><x>1.5000000596046448e-01</x>
          <y>1.</y></_></shapePointAtrs></attribute_dir1>
    <attribute_dir2><inwardDirection>0</inwardDirection>
      <extent>5.6250000000000000e+01</extent>
      <height>30.</height>
      <shapePointAtrs><_><x>4.0000000596046448e-01</x>
          <y>0.</y></_>
        <_><x>1.5000000596046448e-01</x>
          <y>1.</y></_></shapePointAtrs></attribute_dir2></_>
  <_><x>8.6625005722045898e+02</x>
    <y>585.</y>
    <z>0.</z>
    <ref>4</ref>
    <isSharp>0</isSharp>
    <splineRefs>
      0</splineRefs>
    <attribute_dir1><inwardDirection>1</inwardDirection>
      <extent>5.6250000000000000e+01</extent>
      <height>30.</height>
      <shapePointAtrs><_><x>4.0000000596046448e-01</x>
          <y>0.</y></_>
        <_><x>1.5000000596046448e-01</x>
          <y>1.</y></_></shapePointAtrs></attribute_dir1>
    <attribute_dir2><inwardDirection>0</inwardDirection>
      <extent>5.6250000000000000e+01</extent>
      <height>30.</height>
      <shapePointAtrs><_><x>4.0000000596046448e-01</x>
          <y>0.</y></_>
        <_><x>1.5000000596046448e-01</x>
          <y>1.</y></_></shapePointAtrs></attribute_dir2></_>
  <_><x>9.5812505722045898e+02</x>
    <y>6.3937500000000000e+02</y>
    <z>0.</z>
    <ref>5</ref>
    <isSharp>0</isSharp>
    <splineRefs>
      0</splineRefs>
    <attribute_dir1><inwardDirection>1</inwardDirection>
      <extent>5.6250000000000000e+01</extent>
      <height>30.</height>
      <shapePointAtrs><_><x>4.0000000596046448e-01</x>
          <y>0.</y></_>
        <_><x>1.5000000596046448e-01</x>
          <y>1.</y></_></shapePointAtrs></attribute_dir1>
    <attribute_dir2><inwardDirection>0</inwardDirection>
      <extent>5.6250000000000000e+01</extent>
      <height>30.</height>
      <shapePointAtrs><_><x>4.0000000596046448e-01</x>
          <y>0.</y></_>
        <_><x>1.5000000596046448e-01</x>
          <y>1.</y></_></shapePointAtrs></attribute_dir2></_>
  <_><x>1.0162500000000000e+03</x>
    <y>6.6562500000000000e+02</y>
    <z>0.</z>
    <ref>6</ref>
    <isSharp>0</isSharp>
    <splineRefs>
      0 1</splineRefs>
    <attribute_dir1><inwardDirection>1</inwardDirection>
      <extent>5.6250000000000000e+01</extent>
      <height>30.</height>
      <shapePointAtrs><_><x>4.0000000596046448e-01</x>
          <y>0.</y></_>
        <_><x>1.5000000596046448e-01</x>
          <y>1.</y></_></shapePointAtrs></attribute_dir1>
    <attribute_dir2><inwardDirection>0</inwardDirection>
      <extent>5.6250000000000000e+01</extent>
      <height>30.</height>
      <shapePointAtrs><_><x>4.0000000596046448e-01</x>
          <y>0.</y></_>
        <_><x>1.5000000596046448e-01</x>
          <y>1.</y></_></shapePointAtrs></attribute_dir2></_>
  <_><x>5.4375000000000000e+02</x>
    <y>7.2937500000000000e+02</y>
    <z>0.</z>
    <ref>7</ref>
    <isSharp>0</isSharp>
    <splineRefs>
      1</splineRefs>
    <attribute_dir1><inwardDirection>1</inwardDirection>
      <extent>5.6250000000000000e+01</extent>
      <height>30.</height>
      <shapePointAtrs><_><x>4.0000000596046448e-01</x>
          <y>0.</y></_>
        <_><x>1.5000000596046448e-01</x>
          <y>1.</y></_></shapePointAtrs></attribute_dir1>
    <attribute_dir2><inwardDirection>0</inwardDirection>
      <extent>5.6250000000000000e+01</extent>
      <height>30.</height>
      <shapePointAtrs><_><x>4.0000000596046448e-01</x>
          <y>0.</y></_>
        <_><x>1.5000000596046448e-01</x>
          <y>1.</y></_></shapePointAtrs></attribute_dir2></_>
  <_><x>5.9437500000000000e+02</x>
    <y>7.7062500000000000e+02</y>
    <z>0.</z>
    <ref>8</ref>
    <isSharp>0</isSharp>
    <splineRefs>
      1</splineRefs>
    <attribute_dir1><inwardDirection>1</inwardDirection>
      <extent>5.6250000000000000e+01</extent>
      <height>30.</height>
      <shapePointAtrs><_><x>4.0000000596046448e-01</x>
          <y>0.</y></_>
        <_><x>1.5000000596046448e-01</x>
          <y>1.</y></_></shapePointAtrs></attribute_dir1>
    <attribute_dir2><inwardDirection>0</inwardDirection>
      <extent>5.6250000000000000e+01</extent>
      <height>30.</height>
      <shapePointAtrs><_><x>4.0000000596046448e-01</x>
          <y>0.</y></_>
        <_><x>1.5000000596046448e-01</x>
          <y>1.</y></_></shapePointAtrs></attribute_dir2></_>
  <_><x>7.4812505722045898e+02</x>
    <y>8.2125000000000000e+02</y>
    <z>0.</z>
    <ref>9</ref>
    <isSharp>0</isSharp>
    <splineRefs>
      1</splineRefs>
    <attribute_dir1><inwardDirection>1</inwardDirection>
      <extent>5.6250000000000000e+01</extent>
      <height>30.</height>
      <shapePointAtrs><_><x>4.0000000596046448e-01</x>
          <y>0.</y></_>
        <_><x>1.5000000596046448e-01</x>
          <y>1.</y></_></shapePointAtrs></attribute_dir1>
    <attribute_dir2><inwardDirection>0</inwardDirection>
      <extent>5.6250000000000000e+01</extent>
      <height>30.</height>
      <shapePointAtrs><_><x>4.0000000596046448e-01</x>
          <y>0.</y></_>
        <_><x>1.5000000596046448e-01</x>
          <y>1.</y></_></shapePointAtrs></attribute_dir2></_>
  <_><x>8.8312505722045898e+02</x>
    <y>765.</y>
